
cora: 0.24067329850193728
pubmed: 0.060175209437523615
airport: 0.4892392690073267
disease_lp: 0.0
hrg_n1000: 0.7198949279793372
sbm: 0.6716773523082842
cora: 0.24067329850193728
pubmed: 0.060175209437523615
cora: 0.24067329850193728
pubmed: 0.060175209437523615
airport: 0.4892392690073267
disease_lp: 0.0
hrg_n1000: 0.7198949279793372
sbm: 0.6716773523082842
cora: 0.24067329850193728
pubmed: 0.060175209437523615
airport: 0.4892392690073267
disease_lp: 0.0
hrg_n1000: 0.7198949279793372
sbm: 0.6716773523082842
enschede_road: 0.05402454780361769
lfr: 0.5773210430977208
disease_lp: 0.0