cora: -0.4412602494169911
pubmed: -0.8516932032305083
airport: -0.7006890881846842
disease_lp: 0.0007507507507504486
hrg_n1000: -0.1803967378985357
sbm: 0.2756552567164669
cora: -0.4412602494169911
enschede_road: -0.20219955295572623
lfr: -0.016736657860460625
cora: -0.4412602494169911
pubmed: -0.8516932032305083
cora: -0.4412602494169911
pubmed: -0.8516932032305083
cora: -0.4412602494169911
pubmed: -0.8516932032305083
airport: -0.7006890881846842
hrg_n1000: -0.1803967378985357
sbm: 0.28914449413671683
lfr: -0.016736657860460625
disease_lp: 0.0007507507507504486
enschede_road: -0.20219955295572623
disease_lp: -0.22124676083009392