
cora: 3.8980797636632203
pubmed: 4.496322970025866
airport: 11.688205771643664
disease_lp: 1.999249530956848
hrg_n1000: 7.286
sbm: 126.11923076923077
cora: 3.8980797636632203
pubmed: 4.496322970025866
airport: 11.688205771643664
disease_lp: 1.999249530956848
hrg_n1000: 7.286
sbm: 126.11923076923077
enschede_road: 2.716666666666667
lfr: 34.946
hrg_n100_a0.55: 0.76
hrg_n100_a0.60: 2.24
hrg_n100_a0.65: 3.5
hrg_n100_a0.70: 4.36
hrg_n100_a0.75: 5.24
hrg_n100_a0.80: 5.86
hrg_n100_a0.85: 6.38
hrg_n100_a0.90: 6.82
hrg_n100_a0.95: 7.12
hrg_n100_a1.00: 7.4
hrg_n1000_a0.55: 1.836
hrg_n1000_a0.60: 3.868
hrg_n1000_a0.55: 1.836
hrg_n1000_a0.60: 3.868
hrg_n1000_a0.65: 5.43
hrg_n1000_a0.70: 6.52
hrg_n1000_a0.75: 7.286
hrg_n1000_a0.80: 7.876
hrg_n1000_a0.85: 8.282
hrg_n1000_a0.90: 8.538
hrg_n1000_a0.95: 8.768
hrg_n1000_a1.00: 8.934
hrg_n1000_a0.55: 1.836
hrg_n1000_a0.60: 3.868
hrg_n1000_a0.65: 5.43
hrg_n1000_a0.70: 6.52
hrg_n1000_a0.75: 7.286
hrg_n1000_a0.80: 7.876
hrg_n1000_a0.85: 8.282
hrg_n1000_a0.90: 8.538
hrg_n1000_a0.95: 8.768
hrg_n1000_a1.00: 8.934
hrg_n1000_a0.55: 1.836
hrg_n1000_a0.60: 3.868
hrg_n1000_a0.60: 3.868
hrg_n1000_a0.60: 3.868
hrg_n1000_a0.60: 3.868
hrg_n1000_a0.60: 3.868
hrg_n1000_a0.60: 3.868
hrg_n1000_a0.60: 3.868
hrg_n1000_a0.75: 7.286
hrg_n1000_a0.90: 8.538
hrg_n1000_a0.60: 3.868
hrg_n1000_a0.75: 7.286
hrg_n1000_a0.90: 8.538