
sbm: 0.24342007847782632
cora: 0.0014399999126942077
pubmed: 0.00022805452272397372
airport: 0.00366746337359387
disease_lp: 0.00075046904315197
hrg_n1000: 0.0072932932932932935
sbm: 0.24342007847782632
lfr: 0.03498098098098098
enschede_road: 0.0005265878400206759
cora: 0.0014399999126942077
pubmed: 0.00022805452272397372
airport: 0.00366746337359387
disease_lp: 0.00075046904315197
hrg_n1000: 0.0072932932932932935
sbm: 0.24342007847782632
lfr: 0.03498098098098098
enschede_road: 0.0005265878400206759